=== EKSPERIMEN TSP: 15 KOTA (SEED: 42) ===

1. KOORDINAT KOTA (X, Y):
   Kota 1: (52, 93)
   Kota 2: (15, 72)
   Kota 3: (61, 21)
   Kota 4: (83, 87)
   Kota 5: (75, 75)
   Kota 6: (88, 100)
   Kota 7: (24, 3)
   Kota 8: (22, 53)
   Kota 9: (2, 88)
   Kota 10: (30, 38)
   Kota 11: (2, 64)
   Kota 12: (60, 21)
   Kota 13: (33, 76)
   Kota 14: (58, 22)
   Kota 15: (89, 49)

2. MATRIKS JARAK ANTAR KOTA (Euclidean):
      K1      K2      K3      K4      K5      K6      K7      K8      K9      K10     K11     K12     K13     K14     K15     
------------------------------------------------------------------------------------------------------------------------------
K1    | inf     42.54   72.56   31.58   29.21   36.67   94.25   50.00   50.25   59.24   57.80   72.44   25.50   71.25   57.49   
K2    | 42.54   inf     68.68   69.63   60.07   78.19   69.58   20.25   20.62   37.16   15.26   68.01   18.44   65.95   77.49   
K3    | 72.56   68.68   inf     69.57   55.79   83.49   41.15   50.45   89.27   35.36   73.01   1.00    61.72   3.16    39.60   
K4    | 31.58   69.63   69.57   inf     14.42   13.93   102.65  69.84   81.01   72.18   84.20   69.89   51.20   69.64   38.47   
K5    | 29.21   60.07   55.79   14.42   inf     28.18   88.23   57.38   74.15   58.26   73.82   56.04   42.01   55.66   29.53   
K6    | 36.67   78.19   83.49   13.93   28.18   inf     116.21  81.02   86.83   84.90   93.23   83.82   60.01   83.57   51.01   
K7    | 94.25   69.58   41.15   102.65  88.23   116.21  inf     50.04   87.80   35.51   64.85   40.25   73.55   38.95   79.63   
K8    | 50.00   20.25   50.45   69.84   57.38   81.02   50.04   inf     40.31   17.00   22.83   49.68   25.50   47.51   67.12   
K9    | 50.25   20.62   89.27   81.01   74.15   86.83   87.80   40.31   inf     57.31   24.00   88.62   33.24   86.56   95.34   
K10   | 59.24   37.16   35.36   72.18   58.26   84.90   35.51   17.00   57.31   inf     38.21   34.48   38.12   32.25   60.02   
K11   | 57.80   15.26   73.01   84.20   73.82   93.23   64.85   22.83   24.00   38.21   inf     72.20   33.24   70.00   88.28   
K12   | 72.44   68.01   1.00    69.89   56.04   83.82   40.25   49.68   88.62   34.48   72.20   inf     61.27   2.24    40.31   
K13   | 25.50   18.44   61.72   51.20   42.01   60.01   73.55   25.50   33.24   38.12   33.24   61.27   inf     59.51   62.17   
K14   | 71.25   65.95   3.16    69.64   55.66   83.57   38.95   47.51   86.56   32.25   70.00   2.24    59.51   inf     41.11   
K15   | 57.49   77.49   39.60   38.47   29.53   51.01   79.63   67.12   95.34   60.02   88.28   40.31   62.17   41.11   inf     

3. PROSES PENCARIAN RUTE TERPENDEK...

4. HASIL AKHIR:
   Rute Terpendek : [1, 6, 4, 5, 15, 3, 12, 14, 7, 10, 8, 11, 9, 2, 13, 1]
   Total Jarak    : 365.72
   Simpul Dieksplorasi : 10135
   Waktu Proses   : 6.195577 detik
