=== LAPORAN PENELITIAN TSP: 20 KOTA ===
Metode: Branch and Bound (Matrix Reduction)
Seed  : 42

1. KOORDINAT KOTA (X, Y):
   Kota A: (52.00, 93.00)
   Kota B: (15.00, 72.00)
   Kota C: (61.00, 21.00)
   Kota D: (83.00, 87.00)
   Kota E: (75.00, 75.00)
   Kota F: (88.00, 100.00)
   Kota G: (24.00, 3.00)
   Kota H: (22.00, 53.00)
   Kota I: (2.00, 88.00)
   Kota J: (30.00, 38.00)
   Kota K: (2.00, 64.00)
   Kota L: (60.00, 21.00)
   Kota M: (33.00, 76.00)
   Kota N: (58.00, 22.00)
   Kota O: (89.00, 49.00)
   Kota P: (91.00, 59.00)
   Kota Q: (42.00, 92.00)
   Kota R: (60.00, 80.00)
   Kota S: (15.00, 62.00)
   Kota T: (62.00, 47.00)

2. MATRIKS JARAK ANTAR KOTA (Euclidean):
      A         B         C         D         E         F         G         H         I         J         K         L         M         N         O         P         Q         R         S         T         
--------------------------------------------------------------------------------------------------------------------------------------------------------------------------------------------------------------
A    | inf       42.54     72.56     31.58     29.21     36.67     94.25     50.00     50.25     59.24     57.80     72.44     25.50     71.25     57.49     51.74     10.05     15.26     48.27     47.07     
B    | 42.54     inf       68.68     69.63     60.07     78.19     69.58     20.25     20.62     37.16     15.26     68.01     18.44     65.95     77.49     77.10     33.60     45.71     10.00     53.24     
C    | 72.56     68.68     inf       69.57     55.79     83.49     41.15     50.45     89.27     35.36     73.01     1.00      61.72     3.16      39.60     48.41     73.50     59.01     61.62     26.02     
D    | 31.58     69.63     69.57     inf       14.42     13.93     102.65    69.84     81.01     72.18     84.20     69.89     51.20     69.64     38.47     29.12     41.30     24.04     72.45     45.18     
E    | 29.21     60.07     55.79     14.42     inf       28.18     88.23     57.38     74.15     58.26     73.82     56.04     42.01     55.66     29.53     22.63     37.12     15.81     61.39     30.87     
F    | 36.67     78.19     83.49     13.93     28.18     inf       116.21    81.02     86.83     84.90     93.23     83.82     60.01     83.57     51.01     41.11     46.69     34.41     82.30     59.03     
G    | 94.25     69.58     41.15     102.65    88.23     116.21    inf       50.04     87.80     35.51     64.85     40.25     73.55     38.95     79.63     87.32     90.80     85.00     59.68     58.14     
H    | 50.00     20.25     50.45     69.84     57.38     81.02     50.04     inf       40.31     17.00     22.83     49.68     25.50     47.51     67.12     69.26     43.83     46.62     11.40     40.45     
I    | 50.25     20.62     89.27     81.01     74.15     86.83     87.80     40.31     inf       57.31     24.00     88.62     33.24     86.56     95.34     93.61     40.20     58.55     29.07     72.67     
J    | 59.24     37.16     35.36     72.18     58.26     84.90     35.51     17.00     57.31     inf       38.21     34.48     38.12     32.25     60.02     64.51     55.32     51.61     28.30     33.24     
K    | 57.80     15.26     73.01     84.20     73.82     93.23     64.85     22.83     24.00     38.21     inf       72.20     33.24     70.00     88.28     89.14     48.83     60.17     13.15     62.36     
L    | 72.44     68.01     1.00      69.89     56.04     83.82     40.25     49.68     88.62     34.48     72.20     inf       61.27     2.24      40.31     49.04     73.25     59.00     60.88     26.08     
M    | 25.50     18.44     61.72     51.20     42.01     60.01     73.55     25.50     33.24     38.12     33.24     61.27     inf       59.51     62.17     60.44     18.36     27.29     22.80     41.01     
N    | 71.25     65.95     3.16      69.64     55.66     83.57     38.95     47.51     86.56     32.25     70.00     2.24      59.51     inf       41.11     49.58     71.81     58.03     58.73     25.32     
O    | 57.49     77.49     39.60     38.47     29.53     51.01     79.63     67.12     95.34     60.02     88.28     40.31     62.17     41.11     inf       10.20     63.70     42.45     75.13     27.07     
P    | 51.74     77.10     48.41     29.12     22.63     41.11     87.32     69.26     93.61     64.51     89.14     49.04     60.44     49.58     10.20     inf       59.08     37.44     76.06     31.38     
Q    | 10.05     33.60     73.50     41.30     37.12     46.69     90.80     43.83     40.20     55.32     48.83     73.25     18.36     71.81     63.70     59.08     inf       21.63     40.36     49.24     
R    | 15.26     45.71     59.01     24.04     15.81     34.41     85.00     46.62     58.55     51.61     60.17     59.00     27.29     58.03     42.45     37.44     21.63     inf       48.47     33.06     
S    | 48.27     10.00     61.62     72.45     61.39     82.30     59.68     11.40     29.07     28.30     13.15     60.88     22.80     58.73     75.13     76.06     40.36     48.47     inf       49.34     
T    | 47.07     53.24     26.02     45.18     30.87     59.03     58.14     40.45     72.67     33.24     62.36     26.08     41.01     25.32     27.07     31.38     49.24     33.06     49.34     inf       

3. STATISTIK WAKTU KOMPUTASI (5 iterasi):
   - Waktu Tercepat (Min) : 147.026179 s
   - Waktu Terlama (Max)  : 150.234064 s
   - Rata-rata (Average)  : 148.131014 s

4. HASIL OPTIMASI RUTE:
   - Total Jarak (Cost)   : 384.59
   - Rute Terpendek       : A -> R -> E -> D -> F -> P -> O -> T -> C -> L -> N -> G -> J -> H -> S -> K -> I -> B -> M -> Q -> A
   - Simpul Dieksplorasi  : 772873
